ACC4.8.py started at: 20210128_121738

Zeit ,t[h] ,BME_temp ,BEM_pressure ,BME_humidity ,T1 ,T2 ,A0 ,A1 ,A2 ,V ,CPU_temp, 
2021-01-28 12:46:03 , 0.4723799716764026 , 19.79 , 999.0 , 44.0 , 19.88 , 19.75 , -1.0 , -2580.6 , -1.0 , 0 , 39.546
2021-01-28 12:47:11 , 0.49131301078531475 , 19.9 , 999.0 , 44.0 , 19.94 , 19.81 , -1.0 , -2580.3 , -1.0 , 0 , 39.008
2021-01-28 12:48:20 , 0.510224198102951 , 19.95 , 999.0 , 44.0 , 20.0 , 19.94 , -1.0 , -2580.6 , -1.0 , 0 , 39.008
2021-01-28 12:49:28 , 0.5291354198588265 , 20.0 , 999.0 , 44.0 , 20.06 , 20.0 , -1.0 , -2580.3 , -1.0 , 0 , 38.47
2021-01-28 12:50:36 , 0.548024186094602 , 20.07 , 999.0 , 44.0 , 20.06 , 20.0 , -1.0 , -2580.3 , -1.0 , 0 , 39.008
2021-01-28 12:51:44 , 0.5669352759917577 , 20.07 , 999.0 , 44.0 , 20.06 , 20.06 , -1.0 , -2580.9 , -1.0 , 0 , 38.47
2021-01-28 12:52:52 , 0.5858468864361445 , 20.12 , 999.0 , 44.0 , 20.12 , 20.06 , -1.0 , -2580.0 , -1.0 , 0 , 38.47
2021-01-28 12:54:00 , 0.6047464368740717 , 20.12 , 999.0 , 44.0 , 20.12 , 20.06 , -1.0 , -2579.4 , -1.0 , 0 , 38.47
2021-01-28 12:55:08 , 0.6236465888553195 , 20.13 , 999.0 , 44.0 , 20.12 , 20.06 , -1.0 , -2579.7 , -1.0 , 0 , 39.008
2021-01-28 12:56:16 , 0.6425802781184514 , 20.14 , 999.0 , 44.0 , 20.12 , 20.06 , -1.0 , -2580.6 , -1.0 , 0 , 39.008
2021-01-28 12:57:24 , 0.6614909901221593 , 20.15 , 999.0 , 44.0 , 20.12 , 20.12 , -1.0 , -2580.3 , -1.0 , 0 , 38.47
2021-01-28 12:58:32 , 0.6804243101014031 , 20.09 , 999.0 , 44.0 , 20.12 , 20.06 , -1.0 , -2580.3 , -1.0 , 0 , 39.008
2021-01-28 12:59:40 , 0.6993352961540222 , 20.12 , 999.0 , 44.0 , 20.12 , 20.12 , -1.0 , -2580.3 , -1.0 , 0 , 38.47
2021-01-28 13:00:48 , 0.718224241534869 , 20.14 , 999.0 , 44.0 , 20.12 , 20.12 , -1.0 , -2580.0 , -1.0 , 0 , 38.47
2021-01-28 13:01:57 , 0.7371913397974439 , 20.18 , 999.0 , 44.0 , 20.19 , 20.12 , -1.0 , -2579.7 , -1.0 , 0 , 38.47
2021-01-28 13:03:05 , 0.7561130863428116 , 20.18 , 999.0 , 44.0 , 20.19 , 21.19 , -1.0 , -2580.3 , -1.0 , 0 , 38.47
2021-01-28 13:04:13 , 0.7750243151187897 , 20.2 , 999.0 , 44.0 , 20.19 , 20.12 , -1.0 , -2579.4 , -1.0 , 0 , 37.932
2021-01-28 13:05:21 , 0.7939690465397305 , 20.21 , 999.0 , 44.0 , 20.19 , 21.25 , -1.0 , -2579.4 , -1.0 , 0 , 37.932
2021-01-28 13:06:29 , 0.8128910929626889 , 20.22 , 999.0 , 44.0 , 20.19 , 20.12 , -1.0 , -2579.7 , -1.0 , 0 , 38.47
2021-01-28 13:07:37 , 0.8318019422557619 , 20.22 , 999.0 , 45.0 , 20.19 , 20.12 , -1.0 , -2580.6 , -1.0 , 0 , 38.47
2021-01-28 13:08:45 , 0.8507356897327635 , 20.24 , 999.0 , 45.0 , 20.19 , 20.19 , -1.0 , -2580.3 , -1.0 , 0 , 38.47
2021-01-28 13:09:53 , 0.8696356911129421 , 20.25 , 999.0 , 45.0 , 20.19 , 20.19 , -1.0 , -2581.2 , -1.0 , 0 , 38.47
2021-01-28 13:11:01 , 0.8885576890574561 , 20.25 , 999.0 , 45.0 , 20.25 , 20.19 , -1.0 , -2580.0 , -1.0 , 0 , 39.008
2021-01-28 13:12:10 , 0.9074687288204829 , 20.26 , 999.0 , 45.0 , 20.25 , 20.19 , -1.0 , -2580.3 , -1.0 , 0 , 38.47
2021-01-28 13:13:18 , 0.926401927140024 , 20.27 , 999.0 , 45.0 , 20.25 , 20.19 , -1.0 , -2580.6 , -1.0 , 0 , 38.47
2021-01-28 13:14:26 , 0.9452909237146377 , 20.27 , 999.0 , 45.0 , 20.25 , 20.25 , -1.0 , -2580.3 , -1.0 , 0 , 38.47
2021-01-28 13:15:34 , 0.9642135415474573 , 20.28 , 999.0 , 45.0 , 20.25 , 20.19 , -1.0 , -2580.9 , -1.0 , 0 , 38.47
2021-01-28 13:16:42 , 0.9831354879670673 , 20.29 , 999.0 , 45.0 , 20.25 , 21.25 , -1.0 , -2579.7 , -1.0 , 0 , 38.47
2021-01-28 13:17:50 , 1.0020690270927217 , 20.3 , 999.0 , 45.0 , 20.25 , 20.25 , -1.0 , -2580.3 , -1.0 , 0 , 38.47
2021-01-28 13:18:58 , 1.0209577101469038 , 20.3 , 999.0 , 45.0 , 20.25 , 20.31 , -1.0 , -2580.0 , -1.0 , 0 , 39.008
2021-01-28 13:20:06 , 1.039846544928021 , 20.3 , 999.0 , 45.0 , 20.25 , 20.25 , -1.0 , -2580.9 , -1.0 , 0 , 37.932
2021-01-28 13:21:14 , 1.058802264266544 , 20.32 , 999.0 , 45.0 , 20.25 , 20.25 , -1.0 , -2580.3 , -1.0 , 0 , 38.47
2021-01-28 13:22:22 , 1.0776911217636531 , 20.31 , 999.0 , 45.0 , 20.31 , 20.25 , -1.0 , -2580.6 , -1.0 , 0 , 39.008
2021-01-28 13:23:30 , 1.096586106552018 , 20.31 , 999.0 , 45.0 , 20.31 , 20.25 , -1.0 , -2580.6 , -1.0 , 0 , 38.47
2021-01-28 13:24:39 , 1.1155353269312118 , 20.31 , 999.0 , 45.0 , 20.31 , 20.25 , -1.0 , -2580.6 , -1.0 , 0 , 38.47
2021-01-28 13:25:47 , 1.134446533256107 , 20.31 , 999.0 , 45.0 , 20.25 , 20.25 , -1.0 , -2580.0 , -1.0 , 0 , 39.008
2021-01-28 13:26:55 , 1.153379895157284 , 20.31 , 999.0 , 45.0 , 20.31 , 20.25 , -1.0 , -2580.0 , -1.0 , 0 , 38.47
2021-01-28 13:28:03 , 1.1722687112622792 , 20.3 , 999.0 , 45.0 , 20.25 , 20.25 , -1.0 , -2580.9 , -1.0 , 0 , 38.47
2021-01-28 13:29:11 , 1.1911789506673813 , 20.3 , 999.0 , 45.0 , 20.31 , 20.25 , -1.0 , -2581.2 , -1.0 , 0 , 37.932
2021-01-28 13:30:19 , 1.210069147878223 , 20.28 , 999.0 , 45.0 , 20.25 , 20.25 , -1.0 , -2580.9 , -1.0 , 0 , 38.47
2021-01-28 13:31:27 , 1.2289577485455407 , 20.29 , 999.0 , 45.0 , 20.25 , 20.25 , -1.0 , -2580.6 , -1.0 , 0 , 37.932
2021-01-28 13:32:35 , 1.247846537232399 , 20.29 , 999.0 , 45.0 , 20.25 , 20.25 , -1.0 , -2580.9 , -1.0 , 0 , 37.932
2021-01-28 13:33:43 , 1.2667360697852241 , 20.28 , 999.0 , 45.0 , 20.25 , 20.19 , -1.0 , -2580.3 , -1.0 , 0 , 38.47
2021-01-28 13:34:51 , 1.285646608405643 , 20.27 , 999.0 , 45.0 , 20.25 , 20.25 , -1.0 , -2580.6 , -1.0 , 0 , 38.47
2021-01-28 13:35:59 , 1.3045577276415294 , 20.28 , 999.0 , 45.0 , 20.25 , 20.19 , -1.0 , -2580.6 , -1.0 , 0 , 39.008
2021-01-28 13:37:07 , 1.323490986227989 , 20.27 , 999.0 , 45.0 , 20.25 , 20.19 , -1.0 , -2581.2 , -1.0 , 0 , 38.47
2021-01-28 13:38:15 , 1.3423796950446234 , 20.27 , 999.0 , 45.0 , 20.25 , 20.31 , -1.0 , -2580.6 , -1.0 , 0 , 37.932
2021-01-28 13:39:23 , 1.3612687774499257 , 20.28 , 999.0 , 45.0 , 20.25 , 20.19 , -1.0 , -2580.6 , -1.0 , 0 , 39.008
2021-01-28 13:40:31 , 1.3802021454440223 , 20.26 , 999.0 , 45.0 , 20.25 , 20.19 , -1.0 , -2580.3 , -1.0 , 0 , 38.47
2021-01-28 13:41:40 , 1.3991132350100413 , 20.27 , 999.0 , 45.0 , 20.25 , 20.19 , -1.0 , -2580.3 , -1.0 , 0 , 38.47
2021-01-28 13:42:48 , 1.418002511660258 , 20.27 , 999.0 , 45.0 , 20.25 , 20.19 , -1.0 , -2580.0 , -1.0 , 0 , 38.47
2021-01-28 13:43:56 , 1.4369132031334773 , 20.26 , 999.0 , 45.0 , 20.25 , 20.19 , -1.0 , -2580.3 , -1.0 , 0 , 39.008
2021-01-28 13:45:04 , 1.4558242962757746 , 20.26 , 999.0 , 45.0 , 20.25 , 20.19 , -1.0 , -2580.9 , -1.0 , 0 , 38.47
2021-01-28 13:46:12 , 1.4747358562548956 , 20.26 , 999.0 , 45.0 , 20.25 , 21.31 , -1.0 , -2580.6 , -1.0 , 0 , 39.008
2021-01-28 13:47:20 , 1.4936242654588487 , 20.25 , 999.0 , 45.0 , 20.25 , 20.19 , -1.0 , -2580.9 , -1.0 , 0 , 37.932
2021-01-28 13:48:28 , 1.5125132326285045 , 20.26 , 999.0 , 45.0 , 20.19 , 20.19 , -1.0 , -2580.9 , -1.0 , 0 , 39.008
2021-01-28 13:49:36 , 1.5314023692740335 , 20.26 , 999.0 , 45.0 , 20.25 , 20.19 , -1.0 , -2580.3 , -1.0 , 0 , 38.47
2021-01-28 13:50:44 , 1.5503131010135014 , 20.26 , 999.0 , 45.0 , 20.25 , 20.19 , -1.0 , -2580.6 , -1.0 , 0 , 39.008
2021-01-28 13:51:52 , 1.569202397333251 , 20.24 , 999.0 , 45.0 , 20.19 , 20.12 , -1.0 , -2580.3 , -1.0 , 0 , 38.47
2021-01-28 13:53:00 , 1.5880907468663321 , 20.25 , 999.0 , 45.0 , 20.25 , 20.19 , -1.0 , -2579.7 , -1.0 , 0 , 38.47
2021-01-28 13:54:08 , 1.6070019423299367 , 20.24 , 999.0 , 45.0 , 20.25 , 21.19 , -1.0 , -2580.0 , -1.0 , 0 , 37.932
2021-01-28 13:55:16 , 1.625891352229648 , 20.24 , 999.0 , 45.0 , 20.19 , 20.12 , -1.0 , -2580.3 , -1.0 , 0 , 37.932
2021-01-28 13:56:24 , 1.6447799934943519 , 20.23 , 999.0 , 45.0 , 20.19 , 20.12 , -1.0 , -2580.6 , -1.0 , 0 , 39.008
2021-01-28 13:57:32 , 1.6637132646640143 , 20.23 , 999.0 , 45.0 , 20.19 , 20.12 , -1.0 , -2580.0 , -1.0 , 0 , 39.008
2021-01-28 13:58:40 , 1.6826244427760444 , 20.23 , 999.0 , 45.0 , 20.19 , 20.12 , -1.0 , -2580.0 , -1.0 , 0 , 39.008
2021-01-28 13:59:48 , 1.7015354435973697 , 20.23 , 999.0 , 45.0 , 20.19 , 20.12 , -1.0 , -2579.7 , -1.0 , 0 , 37.932
2021-01-28 14:00:56 , 1.7204693136612574 , 20.22 , 999.0 , 45.0 , 20.19 , 20.12 , -1.0 , -2579.4 , -1.0 , 0 , 38.47
2021-01-28 14:02:04 , 1.7393580273124907 , 20.21 , 999.0 , 45.0 , 20.19 , 20.12 , -1.0 , -2580.0 , -1.0 , 0 , 38.47
2021-01-28 14:03:12 , 1.758246316181289 , 20.22 , 999.0 , 45.0 , 20.19 , 20.12 , -1.0 , -2580.6 , -1.0 , 0 , 38.47
2021-01-28 14:04:21 , 1.7771798202726576 , 20.21 , 999.0 , 45.0 , 20.19 , 20.12 , -1.0 , -2580.6 , -1.0 , 0 , 38.47
2021-01-28 14:05:29 , 1.796069214741389 , 20.2 , 999.0 , 45.0 , 20.19 , 20.12 , -1.0 , -2580.0 , -1.0 , 0 , 38.47
2021-01-28 14:06:37 , 1.8150024143854777 , 20.2 , 999.0 , 45.0 , 20.19 , 20.12 , -1.0 , -2580.3 , -1.0 , 0 , 38.47
2021-01-28 14:07:45 , 1.8339135471317503 , 20.19 , 999.0 , 45.0 , 20.19 , 20.12 , -1.0 , -2580.3 , -1.0 , 0 , 39.008
2021-01-28 14:08:53 , 1.8528021832969452 , 20.2 , 999.0 , 45.0 , 20.19 , 20.12 , -1.0 , -2579.7 , -1.0 , 0 , 39.008
2021-01-28 14:10:01 , 1.8717132114039527 , 20.21 , 999.0 , 45.0 , 20.19 , 20.12 , -1.0 , -2580.6 , -1.0 , 0 , 39.008
2021-01-28 14:11:09 , 1.8906248890691333 , 20.2 , 999.0 , 45.0 , 20.19 , 20.12 , -1.0 , -2580.0 , -1.0 , 0 , 38.47
2021-01-28 14:12:17 , 1.9095356590880288 , 20.2 , 999.0 , 45.0 , 20.19 , 20.12 , -1.0 , -2580.3 , -1.0 , 0 , 39.008
2021-01-28 14:13:25 , 1.9284687805838054 , 20.2 , 999.0 , 45.0 , 20.19 , 20.12 , -1.0 , -2579.4 , -1.0 , 0 , 37.932
2021-01-28 14:14:33 , 1.947402080496152 , 20.2 , 999.0 , 45.0 , 20.19 , 20.12 , -1.0 , -2580.0 , -1.0 , 0 , 39.008
2021-01-28 14:15:41 , 1.9662909022304749 , 20.19 , 999.0 , 45.0 , 20.19 , 20.12 , -1.0 , -2579.1 , -1.0 , 0 , 38.47
2021-01-28 14:16:50 , 1.985224390162362 , 20.19 , 999.0 , 45.0 , 20.19 , 20.12 , -1.0 , -2580.9 , -1.0 , 0 , 38.47
2021-01-28 14:17:58 , 2.004113018512726 , 20.19 , 999.0 , 45.0 , 20.19 , 20.12 , -1.0 , -2580.6 , -1.0 , 0 , 39.008
2021-01-28 14:19:06 , 2.0230021219121084 , 20.18 , 999.0 , 45.0 , 20.12 , 20.12 , -1.0 , -2580.0 , -1.0 , 0 , 38.47
2021-01-28 14:20:14 , 2.0419358321030936 , 20.2 , 999.0 , 45.0 , 20.12 , 20.12 , -1.0 , -2580.0 , -1.0 , 0 , 37.932
2021-01-28 14:21:22 , 2.060868711471558 , 20.18 , 999.0 , 45.0 , 20.19 , 20.12 , -1.0 , -2579.1 , -1.0 , 0 , 38.47
2021-01-28 14:22:30 , 2.0797798519002066 , 20.2 , 999.0 , 45.0 , 20.19 , 20.12 , -1.0 , -2580.0 , -1.0 , 0 , 37.932
2021-01-28 14:23:38 , 2.098691700498263 , 20.19 , 999.0 , 45.0 , 20.19 , 20.12 , -1.0 , -2579.7 , -1.0 , 0 , 39.008
2021-01-28 14:24:46 , 2.1175798658529916 , 20.2 , 999.0 , 45.0 , 20.12 , 21.62 , -1.0 , -2580.3 , -1.0 , 0 , 38.47
2021-01-28 14:25:54 , 2.1364688818984563 , 20.2 , 1000.0 , 45.0 , 20.19 , 20.12 , -1.0 , -2580.3 , -1.0 , 0 , 38.47
2021-01-28 14:27:02 , 2.1553576591279775 , 20.19 , 999.0 , 45.0 , 20.19 , 20.12 , -1.0 , -2580.0 , -1.0 , 0 , 37.932
2021-01-28 14:28:10 , 2.174246630138821 , 20.2 , 999.0 , 45.0 , 20.19 , 20.12 , -1.0 , -2580.6 , -1.0 , 0 , 38.47
2021-01-28 14:29:18 , 2.1931353915399976 , 20.2 , 999.0 , 45.0 , 20.19 , 20.12 , -1.0 , -2580.6 , -1.0 , 0 , 38.47
2021-01-28 14:30:26 , 2.2120242690377765 , 20.2 , 1000.0 , 45.0 , 20.19 , 20.12 , -1.0 , -2579.1 , -1.0 , 0 , 37.932
2021-01-28 14:31:34 , 2.2309576877620487 , 20.21 , 1000.0 , 45.0 , 20.19 , 20.12 , -1.0 , -2579.7 , -1.0 , 0 , 38.47
2021-01-28 14:32:42 , 2.2498689958784315 , 20.2 , 999.0 , 45.0 , 20.19 , 20.12 , -1.0 , -2579.7 , -1.0 , 0 , 37.932
2021-01-28 14:33:50 , 2.2688022200928795 , 20.22 , 999.0 , 45.0 , 20.19 , 20.12 , -1.0 , -2579.7 , -1.0 , 0 , 39.008
2021-01-28 14:34:58 , 2.2876909212271372 , 20.23 , 1000.0 , 45.0 , 20.19 , 20.12 , -1.0 , -2578.8 , -1.0 , 0 , 38.47
2021-01-28 14:36:06 , 2.306602742473284 , 20.22 , 1000.0 , 45.0 , 20.19 , 20.12 , -1.0 , -2580.3 , -1.0 , 0 , 38.47
2021-01-28 14:37:15 , 2.3255132921536767 , 20.21 , 999.0 , 45.0 , 20.19 , 20.12 , -1.0 , -2580.0 , -1.0 , 0 , 39.008
2021-01-28 14:38:23 , 2.344424397481812 , 20.22 , 1000.0 , 45.0 , 20.19 , 20.12 , -1.0 , -2579.4 , -1.0 , 0 , 38.47
2021-01-28 14:39:31 , 2.363313236104118 , 20.21 , 1000.0 , 45.0 , 20.19 , 20.12 , -1.0 , -2580.6 , -1.0 , 0 , 39.008
2021-01-28 14:40:39 , 2.3822021075752047 , 20.21 , 999.0 , 45.0 , 20.19 , 20.62 , -1.0 , -2579.4 , -1.0 , 0 , 38.47
2021-01-28 14:41:47 , 2.401135407156415 , 20.22 , 1000.0 , 45.0 , 20.19 , 20.12 , -1.0 , -2579.7 , -1.0 , 0 , 38.47
2021-01-28 14:42:55 , 2.420035553044743 , 20.22 , 1000.0 , 45.0 , 20.19 , 20.12 , -1.0 , -2580.0 , -1.0 , 0 , 37.932
2021-01-28 14:44:03 , 2.4390021324819986 , 20.22 , 999.0 , 45.0 , 20.19 , 20.12 , -1.0 , -2580.0 , -1.0 , 0 , 38.47
2021-01-28 14:45:11 , 2.4579358555873236 , 20.22 , 999.0 , 45.0 , 20.19 , 20.12 , -1.0 , -2579.4 , -1.0 , 0 , 38.47
2021-01-28 14:46:19 , 2.4768243783050115 , 20.21 , 1000.0 , 45.0 , 20.19 , 20.12 , -1.0 , -2579.7 , -1.0 , 0 , 38.47
2021-01-28 14:47:27 , 2.495757511920399 , 20.22 , 1000.0 , 45.0 , 20.19 , 20.12 , -1.0 , -2580.3 , -1.0 , 0 , 39.008
2021-01-28 14:48:35 , 2.5146468428770703 , 20.22 , 1000.0 , 45.0 , 20.19 , 20.12 , -1.0 , -2580.0 , -1.0 , 0 , 38.47
2021-01-28 14:49:43 , 2.5335356918970744 , 20.22 , 1000.0 , 45.0 , 20.19 , 20.12 , -1.0 , -2580.3 , -1.0 , 0 , 39.008
2021-01-28 14:50:51 , 2.5524228996038434 , 20.22 , 1000.0 , 45.0 , 20.19 , 20.12 , -1.0 , -2580.3 , -1.0 , 0 , 38.47
2021-01-28 14:52:00 , 2.5713354226615692 , 20.21 , 1000.0 , 45.0 , 20.19 , 20.12 , -1.0 , -2580.0 , -1.0 , 0 , 38.47
2021-01-28 14:53:08 , 2.5902465418312284 , 20.21 , 1000.0 , 45.0 , 20.19 , 20.12 , -1.0 , -2580.9 , -1.0 , 0 , 39.008
2021-01-28 14:54:16 , 2.6091355837053722 , 20.22 , 1000.0 , 45.0 , 20.19 , 20.12 , -1.0 , -2580.6 , -1.0 , 0 , 38.47
2021-01-28 14:55:24 , 2.6280246768395106 , 20.16 , 1000.0 , 45.0 , 20.19 , 20.12 , -1.0 , -2580.0 , -1.0 , 0 , 38.47
2021-01-28 14:56:32 , 2.646913246909777 , 20.14 , 1000.0 , 45.0 , 20.19 , 20.12 , -1.0 , -2580.3 , -1.0 , 0 , 38.47
2021-01-28 14:57:40 , 2.665802465611034 , 20.18 , 1000.0 , 45.0 , 20.19 , 20.12 , -1.0 , -2579.4 , -1.0 , 0 , 38.47
2021-01-28 14:58:48 , 2.6847133232487574 , 20.18 , 1000.0 , 45.0 , 20.12 , 20.12 , -1.0 , -2580.3 , -1.0 , 0 , 38.47
2021-01-28 14:59:56 , 2.703624385992686 , 20.18 , 1000.0 , 45.0 , 20.12 , 20.12 , -1.0 , -2580.0 , -1.0 , 0 , 38.47
2021-01-28 15:01:04 , 2.7225579792261123 , 20.19 , 1000.0 , 45.0 , 20.19 , 20.12 , -1.0 , -2580.0 , -1.0 , 0 , 38.47
2021-01-28 15:02:12 , 2.7414687510993745 , 20.2 , 1000.0 , 45.0 , 20.19 , 20.12 , -1.0 , -2579.4 , -1.0 , 0 , 37.932
2021-01-28 15:03:20 , 2.7603577233023113 , 20.21 , 1000.0 , 45.0 , 20.12 , 20.12 , -1.0 , -2580.0 , -1.0 , 0 , 38.47
2021-01-28 15:04:28 , 2.7792909105618793 , 20.21 , 1000.0 , 45.0 , 20.19 , 20.12 , -1.0 , -2579.7 , -1.0 , 0 , 38.47
2021-01-28 15:05:36 , 2.7982020580768587 , 20.21 , 1000.0 , 45.0 , 20.19 , 20.12 , -1.0 , -2579.7 , -1.0 , 0 , 38.47
2021-01-28 15:06:44 , 2.8171132624811595 , 20.22 , 1000.0 , 45.0 , 20.19 , 20.12 , -1.0 , -2580.6 , -1.0 , 0 , 38.47
2021-01-28 15:07:52 , 2.8360242912504408 , 20.21 , 1000.0 , 45.0 , 20.19 , 20.12 , -1.0 , -2579.7 , -1.0 , 0 , 37.932
2021-01-28 15:09:01 , 2.854957576526536 , 20.21 , 1000.0 , 45.0 , 20.19 , 20.12 , -1.0 , -2580.0 , -1.0 , 0 , 39.008
2021-01-28 15:10:09 , 2.8738914667897757 , 20.22 , 1000.0 , 45.0 , 20.19 , 20.12 , -1.0 , -2580.6 , -1.0 , 0 , 38.47
2021-01-28 15:11:17 , 2.8927800465954676 , 20.21 , 1000.0 , 45.0 , 20.19 , 20.12 , -1.0 , -2580.0 , -1.0 , 0 , 38.47
2021-01-28 15:12:25 , 2.9116686099105413 , 20.2 , 1000.0 , 45.0 , 20.19 , 20.12 , -1.0 , -2579.4 , -1.0 , 0 , 38.47
2021-01-28 15:13:33 , 2.930669536060757 , 20.22 , 1000.0 , 45.0 , 20.19 , 20.12 , -1.0 , -2580.3 , -1.0 , 0 , 37.932
2021-01-28 15:14:41 , 2.9495911725362145 , 20.21 , 1000.0 , 45.0 , 20.19 , 20.12 , -1.0 , -2579.7 , -1.0 , 0 , 38.47
2021-01-28 15:15:49 , 2.9685132125351164 , 20.22 , 1000.0 , 45.0 , 20.19 , 20.12 , -1.0 , -2579.4 , -1.0 , 0 , 39.008
2021-01-28 15:16:58 , 2.9874465171496074 , 20.21 , 1000.0 , 45.0 , 20.19 , 20.12 , -1.0 , -2580.3 , -1.0 , 0 , 38.47
2021-01-28 15:18:06 , 3.006357937256495 , 20.21 , 1000.0 , 45.0 , 20.19 , 20.12 , -1.0 , -2579.4 , -1.0 , 0 , 37.932
2021-01-28 15:19:14 , 3.0252911164363225 , 20.22 , 1000.0 , 45.0 , 20.19 , 20.12 , -1.0 , -2580.3 , -1.0 , 0 , 37.932
2021-01-28 15:20:22 , 3.04420205672582 , 20.22 , 1000.0 , 45.0 , 20.19 , 20.12 , -1.0 , -2580.6 , -1.0 , 0 , 37.932
2021-01-28 15:21:30 , 3.06309111184544 , 20.22 , 1000.0 , 45.0 , 20.19 , 20.12 , -1.0 , -2580.3 , -1.0 , 0 , 39.008
2021-01-28 15:22:38 , 3.082024795148108 , 20.23 , 1000.0 , 45.0 , 20.19 , 20.12 , -1.0 , -2580.0 , -1.0 , 0 , 38.47
2021-01-28 15:23:46 , 3.1009133011102676 , 20.22 , 1000.0 , 45.0 , 20.19 , 20.12 , -1.0 , -2579.7 , -1.0 , 0 , 38.47
2021-01-28 15:24:54 , 3.1198468642102344 , 20.23 , 1000.0 , 45.0 , 20.19 , 21.25 , -1.0 , -2579.7 , -1.0 , 0 , 37.932
2021-01-28 15:26:02 , 3.1387359403239357 , 20.23 , 1000.0 , 45.0 , 20.19 , 20.12 , -1.0 , -2579.7 , -1.0 , 0 , 38.47
2021-01-28 15:27:10 , 3.157624453836017 , 20.22 , 1000.0 , 45.0 , 20.19 , 20.12 , -1.0 , -2580.0 , -1.0 , 0 , 38.47
2021-01-28 15:28:18 , 3.1765355028708777 , 20.23 , 1000.0 , 45.0 , 20.19 , 20.12 , -1.0 , -2579.7 , -1.0 , 0 , 39.008
2021-01-28 15:29:26 , 3.1954468199941846 , 20.23 , 1000.0 , 45.0 , 20.19 , 20.12 , -1.0 , -2579.7 , -1.0 , 0.5 , 39.008
2021-01-28 15:30:34 , 3.2143355238437654 , 20.23 , 1000.0 , 45.0 , 20.19 , 20.12 , -1.0 , -2579.7 , -1.0 , 0.5 , 38.47
2021-01-28 15:31:42 , 3.233269064095285 , 20.24 , 1000.0 , 45.0 , 20.19 , 20.12 , -1.0 , -2580.3 , -1.0 , 0.5 , 38.47
2021-01-28 15:32:51 , 3.252157620191574 , 20.23 , 1000.0 , 45.0 , 20.19 , 20.12 , -1.0 , -2579.7 , -1.0 , 0.5 , 39.008
2021-01-28 15:33:59 , 3.27111331237687 , 20.24 , 1000.0 , 45.0 , 20.19 , 20.12 , -1.0 , -2579.7 , -1.0 , 0.5 , 39.008
2021-01-28 15:35:07 , 3.290002113779386 , 20.23 , 1000.0 , 45.0 , 20.19 , 20.12 , -1.0 , -2580.9 , -1.0 , 0.5 , 37.932
2021-01-28 15:36:15 , 3.3089133429527284 , 20.23 , 1000.0 , 45.0 , 20.19 , 20.12 , -1.0 , -2580.6 , -1.0 , 0.5 , 38.47
2021-01-28 15:37:23 , 3.32780211561256 , 20.24 , 1000.0 , 45.0 , 20.19 , 20.12 , -1.0 , -2579.7 , -1.0 , 0.5 , 38.47
2021-01-28 15:38:31 , 3.346691205567784 , 20.24 , 1000.0 , 45.0 , 20.19 , 20.12 , -1.0 , -2579.7 , -1.0 , 0.5 , 39.008
2021-01-28 15:39:39 , 3.3655799800157546 , 20.24 , 1000.0 , 45.0 , 20.19 , 20.12 , -1.0 , -2580.0 , -1.0 , 0.5 , 39.008
2021-01-28 15:40:47 , 3.3844687900278303 , 20.24 , 1000.0 , 45.0 , 20.19 , 20.12 , -1.0 , -2579.7 , -1.0 , 0.5 , 38.47
2021-01-28 15:41:55 , 3.4033579454157086 , 20.23 , 1000.0 , 45.0 , 20.19 , 20.12 , -1.0 , -2580.6 , -1.0 , 0.5 , 37.932
2021-01-28 15:43:03 , 3.4222688628567592 , 20.22 , 1000.0 , 45.0 , 20.19 , 20.12 , -1.0 , -2579.7 , -1.0 , 0.5 , 38.47
2021-01-28 15:44:11 , 3.441202274229792 , 20.22 , 1000.0 , 45.0 , 20.19 , 20.12 , -1.0 , -2579.7 , -1.0 , 0.5 , 38.47
2021-01-28 15:45:19 , 3.4601132635275524 , 20.22 , 1000.0 , 45.0 , 20.19 , 20.12 , -1.0 , -2579.7 , -1.0 , 0.5 , 38.47
2021-01-28 15:46:27 , 3.479046862191624 , 20.22 , 1000.0 , 45.0 , 20.19 , 20.12 , -1.0 , -2580.0 , -1.0 , 0.5 , 38.47
2021-01-28 15:47:35 , 3.4979355931282043 , 20.21 , 1000.0 , 45.0 , 20.19 , 20.12 , -1.0 , -2579.1 , -1.0 , 0.5 , 39.008
2021-01-28 15:48:43 , 3.5168467454777828 , 20.22 , 1000.0 , 45.0 , 20.19 , 20.12 , -1.0 , -2579.4 , -1.0 , 0.5 , 39.008
2021-01-28 15:49:51 , 3.535758292277654 , 20.21 , 1000.0 , 45.0 , 20.19 , 20.12 , -1.0 , -2579.7 , -1.0 , 0.5 , 38.47
2021-01-28 15:51:00 , 3.5546916041771572 , 20.21 , 1000.0 , 45.0 , 20.19 , 20.12 , -1.0 , -2579.1 , -1.0 , 0.5 , 39.008
2021-01-28 15:52:08 , 3.5736022049188616 , 20.22 , 1000.0 , 45.0 , 20.19 , 20.12 , -1.0 , -2579.7 , -1.0 , 0.5 , 37.932
2021-01-28 15:53:16 , 3.592536184986433 , 20.21 , 1000.0 , 45.0 , 20.19 , 20.12 , -1.0 , -2579.1 , -1.0 , 0.5 , 38.47
2021-01-28 15:54:24 , 3.611447123024199 , 20.21 , 1000.0 , 45.0 , 20.19 , 20.12 , -1.0 , -2579.1 , -1.0 , 0.5 , 38.47
2021-01-28 15:55:32 , 3.6303359713157017 , 20.2 , 1000.0 , 45.0 , 20.12 , 20.12 , -1.0 , -2579.7 , -1.0 , 0.5 , 39.008
2021-01-28 15:56:40 , 3.6492462536361483 , 20.2 , 1000.0 , 45.0 , 20.12 , 20.12 , -1.0 , -2580.0 , -1.0 , 0.5 , 38.47
2021-01-28 15:57:48 , 3.668157842490408 , 20.19 , 1000.0 , 45.0 , 20.12 , 20.12 , -1.0 , -2579.4 , -1.0 , 0.5 , 38.47
2021-01-28 15:58:56 , 3.6870688398016824 , 20.18 , 1000.0 , 45.0 , 20.12 , 20.12 , -1.0 , -2579.1 , -1.0 , 0.5 , 38.47
2021-01-28 16:00:04 , 3.706002961794535 , 20.19 , 1000.0 , 45.0 , 20.12 , 20.12 , -1.0 , -2579.7 , -1.0 , 0.5 , 37.932
2021-01-28 16:01:12 , 3.7249351268344455 , 20.18 , 1000.0 , 45.0 , 20.12 , 20.12 , -1.0 , -2579.7 , -1.0 , 0.5 , 37.932
2021-01-28 16:02:21 , 3.7438465195894244 , 20.18 , 1000.0 , 45.0 , 20.12 , 20.06 , -1.0 , -2578.8 , -1.0 , 0.5 , 38.47
2021-01-28 16:03:29 , 3.762780484623379 , 20.18 , 1000.0 , 45.0 , 20.12 , 20.06 , -1.0 , -2580.3 , -1.0 , 0.5 , 38.47
2021-01-28 16:04:37 , 3.781713194317288 , 20.18 , 1000.0 , 45.0 , 20.12 , 20.12 , -1.0 , -2580.9 , -1.0 , 0.5 , 37.932
2021-01-28 16:05:45 , 3.8006242059336772 , 20.17 , 1001.0 , 45.0 , 20.12 , 20.06 , -1.0 , -2580.3 , -1.0 , 0.5 , 38.47
2021-01-28 16:06:53 , 3.819535309539901 , 20.18 , 1000.0 , 45.0 , 20.12 , 20.12 , -1.0 , -2579.1 , -1.0 , 0.5 , 37.932
2021-01-28 16:08:01 , 3.8384686307774647 , 20.17 , 1000.0 , 45.0 , 20.12 , 20.12 , -1.0 , -2579.4 , -1.0 , 0.5 , 38.47
2021-01-28 16:09:09 , 3.8573577952384945 , 20.18 , 1001.0 , 45.0 , 20.12 , 20.06 , -1.0 , -2579.4 , -1.0 , 1.0 , 39.008
2021-01-28 16:10:17 , 3.8762681814034776 , 20.19 , 1001.0 , 45.0 , 20.12 , 20.06 , -1.0 , -2580.0 , -1.0 , 1.0 , 37.932
2021-01-28 16:11:25 , 3.8951798154910406 , 20.19 , 1001.0 , 45.0 , 20.12 , 20.06 , -1.0 , -2578.8 , -1.0 , 1.0 , 37.932
2021-01-28 16:12:34 , 3.914113379783101 , 20.19 , 1001.0 , 45.0 , 20.12 , 20.06 , -1.0 , -2580.3 , -1.0 , 1.0 , 39.008
2021-01-28 16:13:42 , 3.933002225359281 , 20.17 , 1001.0 , 45.0 , 20.12 , 20.06 , -1.0 , -2580.3 , -1.0 , 1.0 , 38.47
2021-01-28 16:14:50 , 3.9518915945953794 , 20.18 , 1001.0 , 45.0 , 20.12 , 20.06 , -1.0 , -2579.7 , -1.0 , 1.0 , 38.47
2021-01-28 16:15:58 , 3.9707805167304144 , 20.19 , 1001.0 , 45.0 , 20.12 , 20.06 , -1.0 , -2580.0 , -1.0 , 1.0 , 39.008
2021-01-28 16:17:06 , 3.989686801698473 , 20.17 , 1001.0 , 45.0 , 20.12 , 20.06 , -1.0 , -2579.7 , -1.0 , 1.0 , 39.008
2021-01-28 16:18:14 , 4.008646715084712 , 20.17 , 1001.0 , 45.0 , 20.12 , 20.12 , -1.0 , -2580.0 , -1.0 , 1.0 , 38.47
2021-01-28 16:19:22 , 4.027557790411843 , 20.17 , 1001.0 , 45.0 , 20.12 , 20.06 , -1.0 , -2579.7 , -1.0 , 1.0 , 37.932
2021-01-28 16:20:30 , 4.046513210601277 , 20.18 , 1001.0 , 45.0 , 20.12 , 20.06 , -1.0 , -2579.7 , -1.0 , 1.0 , 38.47
2021-01-28 16:21:38 , 4.065446661710739 , 20.18 , 1001.0 , 45.0 , 20.12 , 20.06 , -1.0 , -2579.4 , -1.0 , 1.0 , 39.008
2021-01-28 16:22:46 , 4.084335428078969 , 20.18 , 1001.0 , 45.0 , 20.12 , 20.06 , -1.0 , -2579.4 , -1.0 , 1.0 , 39.008
2021-01-28 16:23:54 , 4.103224305113157 , 20.16 , 1001.0 , 45.0 , 20.12 , 20.06 , -1.0 , -2579.4 , -1.0 , 1.0 , 38.47
2021-01-28 16:25:02 , 4.122113596929444 , 20.17 , 1001.0 , 45.0 , 20.12 , 20.06 , -1.0 , -2579.7 , -1.0 , 1.0 , 38.47
2021-01-28 16:26:10 , 4.141024429069625 , 20.17 , 1001.0 , 45.0 , 20.12 , 20.06 , -1.0 , -2579.7 , -1.0 , 1.0 , 38.47
2021-01-28 16:27:18 , 4.159935229818027 , 20.16 , 1001.0 , 45.0 , 20.12 , 22.31 , -1.0 , -2580.0 , -1.0 , 1.5 , 38.47
2021-01-28 16:28:26 , 4.1788247809145185 , 20.16 , 1001.0 , 45.0 , 20.12 , 20.06 , -1.0 , -2579.7 , -1.0 , 1.5 , 38.47
2021-01-28 16:29:34 , 4.1977133850918875 , 20.16 , 1001.0 , 45.0 , 20.12 , 20.06 , -1.0 , -2579.7 , -1.0 , 1.5 , 37.932
2021-01-28 16:30:43 , 4.216624340415001 , 20.15 , 1001.0 , 45.0 , 20.12 , 20.06 , -1.0 , -2579.7 , -1.0 , 1.5 , 38.47
2021-01-28 16:31:51 , 4.235579911602867 , 20.14 , 1001.0 , 45.0 , 20.12 , 20.06 , -1.0 , -2580.3 , -1.0 , 1.5 , 38.47
2021-01-28 16:32:59 , 4.2544913857513 , 20.14 , 1001.0 , 45.0 , 20.12 , 20.06 , -1.0 , -2579.4 , -1.0 , 1.5 , 37.932
2021-01-28 16:34:07 , 4.273401996956931 , 20.15 , 1001.0 , 45.0 , 20.12 , 20.06 , -1.0 , -2580.0 , -1.0 , 1.5 , 37.932
2021-01-28 16:35:15 , 4.29231324798531 , 20.13 , 1001.0 , 45.0 , 20.12 , 20.06 , -1.0 , -2579.4 , -1.0 , 1.5 , 39.008
2021-01-28 16:36:23 , 4.311202315356996 , 20.13 , 1001.0 , 45.0 , 20.06 , 20.06 , -1.0 , -2579.7 , -1.0 , 1.5 , 39.008
2021-01-28 16:37:31 , 4.330157580375671 , 20.14 , 1001.0 , 45.0 , 20.06 , 20.06 , -1.0 , -2579.7 , -1.0 , 2.0 , 38.47
2021-01-28 16:38:39 , 4.349047022130754 , 20.11 , 1001.0 , 45.0 , 20.06 , 20.0 , -1.0 , -2579.1 , -1.0 , 2.0 , 39.008
2021-01-28 16:39:47 , 4.3679799503088 , 20.12 , 1001.0 , 45.0 , 20.06 , 20.06 , -1.0 , -2579.4 , -1.0 , 2.0 , 38.47
2021-01-28 16:40:56 , 4.3868914055162005 , 20.11 , 1001.0 , 45.0 , 20.06 , 20.0 , -1.0 , -2578.8 , -1.0 , 2.0 , 38.47
2021-01-28 16:42:04 , 4.405824133886231 , 20.12 , 1001.0 , 45.0 , 20.06 , 20.0 , -1.0 , -2579.4 , -1.0 , 2.0 , 38.47
2021-01-28 16:43:12 , 4.424713538487752 , 20.1 , 1001.0 , 45.0 , 20.06 , 20.0 , -1.0 , -2579.1 , -1.0 , 2.0 , 38.47
2021-01-28 16:44:20 , 4.44362439678775 , 20.1 , 1001.0 , 45.0 , 20.06 , 20.0 , -1.0 , -2580.0 , -1.0 , 2.0 , 38.47
2021-01-28 16:45:28 , 4.46253530840079 , 20.09 , 1001.0 , 45.0 , 20.06 , 20.0 , -1.0 , -2579.4 , -1.0 , 2.5 , 38.47
2021-01-28 16:46:36 , 4.481469019121594 , 20.08 , 1001.0 , 45.0 , 20.06 , 20.0 , -1.0 , -2578.8 , -1.0 , 2.5 , 39.008
2021-01-28 16:47:44 , 4.500402175651656 , 20.09 , 1001.0 , 45.0 , 20.06 , 20.0 , -1.0 , -2579.7 , -1.0 , 2.5 , 37.932
2021-01-28 16:48:52 , 4.519313125014305 , 20.09 , 1001.0 , 45.0 , 20.06 , 20.0 , -1.0 , -2579.4 , -1.0 , 2.5 , 38.47
2021-01-28 16:50:00 , 4.538224340147442 , 20.09 , 1001.0 , 45.0 , 20.06 , 20.0 , -1.0 , -2579.7 , -1.0 , 2.5 , 39.008
2021-01-28 16:51:08 , 4.557135382758246 , 20.09 , 1001.0 , 45.0 , 20.06 , 20.0 , -1.0 , -2579.1 , -1.0 , 2.5 , 38.47
2021-01-28 16:52:16 , 4.576024723317888 , 20.1 , 1001.0 , 45.0 , 20.06 , 21.44 , -1.0 , -2580.0 , -1.0 , 2.5 , 39.008
2021-01-28 16:53:25 , 4.594958104160097 , 20.1 , 1001.0 , 45.0 , 20.06 , 20.0 , -1.0 , -2579.7 , -1.0 , 2.5 , 39.008
2021-01-28 16:54:33 , 4.61386878490448 , 20.1 , 1001.0 , 45.0 , 20.06 , 20.0 , -1.0 , -2579.7 , -1.0 , 2.5 , 38.47
2021-01-28 16:55:41 , 4.632779891954528 , 20.1 , 1001.0 , 45.0 , 20.06 , 20.0 , -1.0 , -2580.0 , -1.0 , 3.0 , 38.47
2021-01-28 16:56:49 , 4.651669034825431 , 20.08 , 1001.0 , 45.0 , 20.06 , 20.0 , -1.0 , -2578.5 , -1.0 , 3.0 , 39.008
2021-01-28 16:57:57 , 4.670558062328232 , 20.1 , 1001.0 , 45.0 , 20.06 , 20.06 , -1.0 , -2579.4 , -1.0 , 3.0 , 38.47
2021-01-28 16:59:05 , 4.689468720621533 , 20.09 , 1001.0 , 45.0 , 20.06 , 20.0 , -1.0 , -2580.0 , -1.0 , 3.0 , 39.008
2021-01-28 17:00:13 , 4.7083799004554745 , 20.09 , 1001.0 , 45.0 , 20.06 , 20.0 , -1.0 , -2579.7 , -1.0 , 3.0 , 38.47
2021-01-28 17:01:21 , 4.727291246056557 , 20.05 , 1001.0 , 45.0 , 20.06 , 20.0 , -1.0 , -2578.8 , -1.0 , 3.5 , 38.47
2021-01-28 17:02:29 , 4.746185732881228 , 20.06 , 1002.0 , 45.0 , 20.06 , 20.0 , -1.0 , -2578.8 , -1.0 , 3.5 , 39.008
2021-01-28 17:03:37 , 4.76509110291799 , 20.08 , 1002.0 , 45.0 , 20.06 , 20.0 , -1.0 , -2578.2 , -1.0 , 3.5 , 39.008
2021-01-28 17:04:45 , 4.783980099956195 , 20.09 , 1002.0 , 45.0 , 20.06 , 20.0 , -1.0 , -2579.1 , -1.0 , 3.5 , 37.932
2021-01-28 17:05:53 , 4.802891381978989 , 20.11 , 1002.0 , 45.0 , 20.06 , 20.0 , -1.0 , -2579.4 , -1.0 , 3.5 , 38.47
2021-01-28 17:07:01 , 4.82180243730545 , 20.11 , 1002.0 , 45.0 , 20.06 , 20.0 , -1.0 , -2579.4 , -1.0 , 3.5 , 38.47
2021-01-28 17:08:09 , 4.84069117837482 , 20.12 , 1002.0 , 45.0 , 20.06 , 20.06 , -1.0 , -2579.4 , -1.0 , 3.5 , 37.932
2021-01-28 17:09:17 , 4.859602209925652 , 20.12 , 1002.0 , 45.0 , 20.06 , 20.06 , -1.0 , -2579.1 , -1.0 , 4.0 , 37.932
2021-01-28 17:10:25 , 4.878513341877196 , 20.13 , 1002.0 , 45.0 , 20.06 , 20.06 , -1.0 , -2578.8 , -1.0 , 4.0 , 38.47
2021-01-28 17:11:33 , 4.897402193546295 , 20.14 , 1002.0 , 45.0 , 20.12 , 20.06 , -1.0 , -2578.5 , -1.0 , 4.0 , 38.47
2021-01-28 17:12:41 , 4.916313266423014 , 20.14 , 1002.0 , 45.0 , 20.12 , 20.06 , -1.0 , -2579.1 , -1.0 , 4.0 , 38.47
2021-01-28 17:13:50 , 4.935224423474736 , 20.16 , 1002.0 , 45.0 , 20.12 , 20.06 , -1.0 , -2579.7 , -1.0 , 4.0 , 37.932
2021-01-28 17:14:58 , 4.95415760629707 , 20.18 , 1002.0 , 45.0 , 20.12 , 20.12 , -1.0 , -2579.4 , -1.0 , 4.0 , 37.932
2021-01-28 17:16:06 , 4.9730671677324505 , 20.19 , 1002.0 , 45.0 , 20.12 , 20.12 , -1.0 , -2578.5 , -1.0 , 4.0 , 38.47
2021-01-28 17:17:14 , 4.99197997589906 , 20.19 , 1002.0 , 45.0 , 20.12 , 20.19 , -1.0 , -2579.4 , -1.0 , 4.0 , 38.47
2021-01-28 17:18:22 , 5.010913767019908 , 20.2 , 1002.0 , 45.0 , 20.19 , 20.12 , -1.0 , -2579.1 , -1.0 , 4.0 , 38.47
2021-01-28 17:19:30 , 5.029801945288976 , 20.22 , 1002.0 , 45.0 , 20.19 , 20.12 , -1.0 , -2579.4 , -1.0 , 4.0 , 39.008
2021-01-28 17:20:38 , 5.048691082000732 , 20.23 , 1002.0 , 45.0 , 20.19 , 20.12 , -1.0 , -2579.4 , -1.0 , 4.0 , 38.47
2021-01-28 17:21:46 , 5.067602177129852 , 20.24 , 1002.0 , 45.0 , 20.19 , 20.19 , -1.0 , -2580.0 , -1.0 , 4.0 , 38.47
2021-01-28 17:22:54 , 5.08651306728522 , 20.19 , 1002.0 , 45.0 , 20.19 , 20.12 , -1.0 , -2579.7 , -1.0 , 8.0 , 38.47
2021-01-28 17:24:02 , 5.105402117835151 , 20.19 , 1002.0 , 45.0 , 20.19 , 20.12 , -1.0 , -2579.4 , -1.0 , 9.0 , 38.47
2021-01-28 17:25:10 , 5.124290970762571 , 20.21 , 1002.0 , 45.0 , 20.19 , 20.12 , -1.0 , -2579.1 , -1.0 , 9.0 , 38.47
2021-01-28 17:26:18 , 5.143202121125327 , 20.23 , 1002.0 , 45.0 , 20.19 , 20.19 , -1.0 , -2580.3 , -1.0 , 9.0 , 38.47
2021-01-28 17:27:26 , 5.162113115721279 , 20.25 , 1002.0 , 45.0 , 20.19 , 20.19 , -1.0 , -2578.5 , -1.0 , 9.0 , 37.932
2021-01-28 17:28:34 , 5.1810465552409495 , 20.26 , 1002.0 , 45.0 , 20.25 , 20.19 , -1.0 , -2580.0 , -1.0 , 9.0 , 37.932
2021-01-28 17:29:42 , 5.199935536781947 , 20.28 , 1002.0 , 45.0 , 20.25 , 20.19 , -1.0 , -2580.0 , -1.0 , 9.0 , 38.47
2021-01-28 17:30:50 , 5.218824864096112 , 20.27 , 1002.0 , 45.0 , 20.25 , 20.19 , -1.0 , -2580.3 , -1.0 , 9.5 , 38.47
2021-01-28 17:31:59 , 5.237735591133435 , 20.26 , 1002.0 , 45.0 , 20.19 , 20.19 , -1.0 , -2580.0 , -1.0 , 9.5 , 39.008
2021-01-28 17:33:07 , 5.256646519502004 , 20.26 , 1002.0 , 45.0 , 20.25 , 20.19 , -1.0 , -2579.4 , -1.0 , 9.5 , 37.932
2021-01-28 17:34:15 , 5.27555793384711 , 20.27 , 1002.0 , 45.0 , 20.25 , 20.19 , -1.0 , -2580.0 , -1.0 , 9.5 , 38.47
2021-01-28 17:35:23 , 5.294491121504041 , 20.29 , 1002.0 , 45.0 , 20.25 , 20.19 , -1.0 , -2580.3 , -1.0 , 9.5 , 38.47
2021-01-28 17:36:31 , 5.313424939579434 , 20.29 , 1002.0 , 45.0 , 20.25 , 20.25 , -1.0 , -2580.0 , -1.0 , 9.5 , 37.932
2021-01-28 17:37:39 , 5.332333643900024 , 20.29 , 1002.0 , 45.0 , 20.25 , 20.19 , -1.0 , -2580.0 , -1.0 , 9.5 , 38.47
2021-01-28 17:38:47 , 5.351269382635752 , 20.31 , 1002.0 , 45.0 , 20.25 , 20.31 , -1.0 , -2579.4 , -1.0 , 9.5 , 38.47
2021-01-28 17:39:55 , 5.370179432895449 , 20.3 , 1002.0 , 45.0 , 20.25 , 20.19 , -1.0 , -2580.3 , -1.0 , 9.5 , 38.47
2021-01-28 17:41:03 , 5.389091016517745 , 20.3 , 1002.0 , 45.0 , 20.25 , 20.25 , -1.0 , -2580.0 , -1.0 , 9.5 , 38.47
2021-01-28 17:42:12 , 5.4080242875549525 , 20.32 , 1002.0 , 45.0 , 20.31 , 20.25 , -1.0 , -2580.0 , -1.0 , 9.5 , 37.932
2021-01-28 17:43:20 , 5.426912212901645 , 20.32 , 1002.0 , 45.0 , 20.31 , 20.25 , -1.0 , -2580.0 , -1.0 , 9.5 , 38.47
2021-01-28 17:44:28 , 5.445824171304703 , 20.32 , 1002.0 , 45.0 , 20.25 , 20.25 , -1.0 , -2580.0 , -1.0 , 9.5 , 39.008
2021-01-28 17:45:36 , 5.4647577453321885 , 20.32 , 1002.0 , 45.0 , 20.31 , 20.25 , -1.0 , -2580.0 , -1.0 , 9.5 , 39.008
2021-01-28 17:46:44 , 5.483668848209911 , 20.32 , 1002.0 , 45.0 , 20.25 , 21.44 , -1.0 , -2579.4 , -1.0 , 9.5 , 38.47
2021-01-28 17:47:52 , 5.502557958298259 , 20.33 , 1002.0 , 45.0 , 20.31 , 20.25 , -1.0 , -2580.3 , -1.0 , 9.5 , 38.47
2021-01-28 17:49:00 , 5.521469000577927 , 20.33 , 1002.0 , 45.0 , 20.25 , 20.25 , -1.0 , -2579.7 , -1.0 , 9.5 , 39.008
2021-01-28 17:50:08 , 5.540424425668187 , 20.33 , 1002.0 , 45.0 , 20.31 , 20.25 , -1.0 , -2580.0 , -1.0 , 9.5 , 39.008
2021-01-28 17:51:16 , 5.5593340734640755 , 20.33 , 1002.0 , 45.0 , 20.31 , 20.25 , -1.0 , -2579.7 , -1.0 , 9.5 , 39.008
2021-01-28 17:52:25 , 5.578291070991093 , 20.31 , 1002.0 , 45.0 , 20.31 , 20.25 , -1.0 , -2580.6 , -1.0 , 9.5 , 38.47
2021-01-28 17:53:33 , 5.5972020810842515 , 20.32 , 1002.0 , 45.0 , 20.31 , 20.25 , -1.0 , -2580.6 , -1.0 , 9.5 , 38.47
2021-01-28 17:54:41 , 5.616135606898202 , 20.32 , 1002.0 , 45.0 , 20.31 , 20.25 , -1.0 , -2580.0 , -1.0 , 9.5 , 39.008
2021-01-28 17:55:49 , 5.635047137075 , 20.32 , 1002.0 , 45.0 , 20.31 , 20.25 , -1.0 , -2580.6 , -1.0 , 9.5 , 38.47
2021-01-28 17:56:57 , 5.653957720266448 , 20.33 , 1002.0 , 45.0 , 20.25 , 20.25 , -1.0 , -2581.2 , -1.0 , 9.5 , 39.008
2021-01-28 17:58:05 , 5.672868894802199 , 20.32 , 1002.0 , 45.0 , 20.25 , 20.25 , -1.0 , -2580.3 , -1.0 , 9.5 , 37.932
2021-01-28 17:59:13 , 5.691779821250174 , 20.31 , 1002.0 , 45.0 , 20.25 , 20.25 , -1.0 , -2580.6 , -1.0 , 9.5 , 38.47
2021-01-28 18:00:21 , 5.7107354868120614 , 20.32 , 1002.0 , 45.0 , 20.25 , 20.25 , -1.0 , -2580.6 , -1.0 , 9.5 , 39.008
2021-01-28 18:01:29 , 5.729624470803473 , 20.31 , 1002.0 , 45.0 , 20.25 , 20.25 , -1.0 , -2580.0 , -1.0 , 9.5 , 38.47
2021-01-28 18:02:37 , 5.748513142598999 , 20.3 , 1002.0 , 45.0 , 20.25 , 20.25 , -1.0 , -2581.5 , -1.0 , 9.5 , 39.008
2021-01-28 18:03:45 , 5.767424317730798 , 20.3 , 1002.0 , 45.0 , 20.25 , 20.25 , -1.0 , -2581.2 , -1.0 , 9.5 , 38.47
2021-01-28 18:04:54 , 5.786335454450713 , 20.31 , 1002.0 , 45.0 , 20.25 , 20.25 , -1.0 , -2581.5 , -1.0 , 9.5 , 39.008
2021-01-28 18:06:02 , 5.805246434145504 , 20.3 , 1002.0 , 45.0 , 20.25 , 20.25 , -1.0 , -2580.3 , -1.0 , 9.5 , 38.47
2021-01-28 18:07:10 , 5.824179704189301 , 20.3 , 1002.0 , 45.0 , 20.25 , 20.25 , -1.0 , -2580.6 , -1.0 , 9.5 , 38.47
2021-01-28 18:08:18 , 5.843113759027587 , 20.3 , 1002.0 , 45.0 , 20.25 , 20.25 , -1.0 , -2581.2 , -1.0 , 9.5 , 39.008
2021-01-28 18:09:26 , 5.862024842765596 , 20.29 , 1002.0 , 45.0 , 20.25 , 20.75 , -1.0 , -2580.6 , -1.0 , 9.5 , 38.47
2021-01-28 18:10:34 , 5.880957435435719 , 20.29 , 1002.0 , 45.0 , 20.25 , 20.25 , -1.0 , -2580.6 , -1.0 , 9.5 , 38.47
2021-01-28 18:11:42 , 5.899846524132623 , 20.28 , 1002.0 , 45.0 , 20.25 , 20.25 , -1.0 , -2580.0 , -1.0 , 9.5 , 39.008
2021-01-28 18:12:50 , 5.918757795757717 , 20.29 , 1002.0 , 45.0 , 20.25 , 20.19 , -1.0 , -2580.6 , -1.0 , 9.5 , 38.47
2021-01-28 18:13:58 , 5.937667231228616 , 20.27 , 1002.0 , 45.0 , 20.25 , 20.19 , -1.0 , -2580.3 , -1.0 , 9.5 , 37.932
2021-01-28 18:15:06 , 5.956602061788241 , 20.28 , 1002.0 , 45.0 , 20.25 , 20.19 , -1.0 , -2579.7 , -1.0 , 9.5 , 38.47
2021-01-28 18:16:15 , 5.975535780787468 , 20.28 , 1002.0 , 45.0 , 20.25 , 20.19 , -1.0 , -2580.6 , -1.0 , 9.5 , 38.47
2021-01-28 18:17:23 , 5.994468833274311 , 20.28 , 1002.0 , 45.0 , 20.25 , 20.25 , -1.0 , -2580.6 , -1.0 , 9.5 , 39.008
2021-01-28 18:18:31 , 6.0133579481310315 , 20.28 , 1002.0 , 45.0 , 20.25 , 20.19 , -1.0 , -2580.9 , -1.0 , 10.0 , 38.47
2021-01-28 18:19:39 , 6.032291123138534 , 20.27 , 1002.0 , 45.0 , 20.25 , 20.19 , -1.0 , -2580.6 , -1.0 , 10.0 , 38.47
2021-01-28 18:20:47 , 6.051180484890938 , 20.28 , 1002.0 , 45.0 , 20.25 , 20.19 , -1.0 , -2580.3 , -1.0 , 10.0 , 39.008
2021-01-28 18:21:55 , 6.070068589978748 , 20.27 , 1002.0 , 45.0 , 20.19 , 20.19 , -1.0 , -2580.6 , -1.0 , 10.5 , 38.47
2021-01-28 18:23:03 , 6.088957650926377 , 20.26 , 1002.0 , 45.0 , 20.25 , 20.19 , -1.0 , -2580.9 , -1.0 , 10.5 , 38.47
2021-01-28 18:24:11 , 6.107869192361831 , 20.25 , 1002.0 , 45.0 , 20.25 , 20.19 , -1.0 , -2579.4 , -1.0 , 10.5 , 38.47
2021-01-28 18:25:19 , 6.126757945683267 , 20.26 , 1002.0 , 45.0 , 20.25 , 20.19 , -1.0 , -2580.6 , -1.0 , 10.5 , 39.008
2021-01-28 18:26:27 , 6.145691298445066 , 20.26 , 1002.0 , 45.0 , 20.25 , 20.19 , -1.0 , -2580.6 , -1.0 , 10.5 , 39.008
2021-01-28 18:27:35 , 6.164624409940507 , 20.25 , 1002.0 , 45.0 , 20.25 , 20.19 , -1.0 , -2581.2 , -1.0 , 10.5 , 39.008
2021-01-28 18:28:44 , 6.183557537264294 , 20.26 , 1002.0 , 45.0 , 20.25 , 20.19 , -1.0 , -2580.0 , -1.0 , 10.5 , 39.008
